0.00912268
0.0096673
0.00943725
0.0101291
0.010545
0.0109105
0.0118022
0.0125409
0.0127494
0.0129755
0.0135927
0.0141212
0.0144372
0.0153317
0.0155395
0.0162927
0.0170817
0.0174013
0.0177624
0.0185106
0.018725
0.0198122
0.0208165
0.021362
0.0217258
0.0218595
0.0223821
0.02339
0.024571
0.0247181
0.0250422
0.0256383
0.0256892
0.0265541
0.0285004
0.0284489
0.0284281
0.0282458
0.0287622
0.0289295
0.0296183
0.0300557
0.0303577
0.0309381
0.0302283
0.0314676
0.0311362
0.0291945
0.0292896
0.028754
0.0272115
0.0260618
0.0247922
0.0225793
0.0221602
0.0202712
0.0184666
0.0172188
0.0161238
0.0145179
0.0133887
0.0118622
0.0108233
0.0100222
0.00885012
0.00822113
0.00774012
0.00777344
0.00616925
0.00545383
0.00507968
0.00474902
0.00449739
0.00409925
0.00344625
0.00345983
0.00298194
0.00308244
0.00218278
0.00206238
0.00207578
0.00153169
0.00157508
0.00119419
0.001163
0.000998194
0.000857
0.000692264
0.000587674
0.000367675
0.000424865
0.000253692
0.00021189
0.000125921
8.83685e-05
5.02905e-05
2.84782e-05
2.48914e-05
3.64709e-05
5.62068e-06
